[gd_scene load_steps=7 format=2]

[ext_resource path="res://Corn/corn.glb" type="PackedScene" id=1]
[ext_resource path="res://storage/corn_storage.glb" type="PackedScene" id=2]
[ext_resource path="res://storage/cage_light_brown.material" type="Material" id=3]
[ext_resource path="res://storage/cage_dark_brown.material" type="Material" id=4]

[sub_resource type="GDScript" id=2]
script/source = "extends StaticBody

onready var animation_player = $corn_storage/AnimationPlayer

var player_ref: Player = null

func _ready():
	player_ref = get_tree().get_nodes_in_group(\"player\")[0]
	player_ref.connect(\"open_storage\", self, \"open\")

	
func open():
	animation_player.play(\"open\")
"

[sub_resource type="BoxShape" id=1]

[node name="Storage" type="StaticBody" groups=[
"storage",
]]
collision_layer = 64
script = SubResource( 2 )

[node name="CollisionShape" type="CollisionShape" parent="."]
transform = Transform( 1.7, 0, 0, 0, 1.2, 0, 0, 0, 1.7, 0, 1.2, 0 )
shape = SubResource( 1 )

[node name="corn_storage" parent="." instance=ExtResource( 2 )]

[node name="storage" parent="corn_storage/Armature" index="0"]
material/0 = ExtResource( 4 )
material/1 = ExtResource( 3 )

[node name="cover" parent="corn_storage/Armature/Skeleton" index="0"]
material/0 = ExtResource( 4 )
material/1 = ExtResource( 3 )

[node name="corns" type="Spatial" parent="."]
transform = Transform( 1, 0, 0, 0, 1, 0, 0, 0, 1, 0, 0.567657, -0.335279 )

[node name="corn" parent="corns" instance=ExtResource( 1 )]
transform = Transform( 1, 0, 0, 0, 0.927184, -0.374607, 0, 0.374607, 0.927184, 1.20252, 0.3101, 1.09246 )

[node name="corn2" parent="corns" instance=ExtResource( 1 )]
transform = Transform( 0.968656, -0.0213547, -0.247485, -0.079752, 0.916819, -0.391258, 0.235254, 0.398732, 0.886379, 0.671052, 0.3101, 1.09246 )

[node name="corn3" parent="corns" instance=ExtResource( 1 )]
transform = Transform( 0.99177, 0.118711, -0.0479624, -0.128034, 0.919553, -0.371524, 0, 0.374607, 0.927184, 0.124421, 0.3101, 1.09246 )

[node name="corn4" parent="corns" instance=ExtResource( 1 )]
transform = Transform( 1, 0, 0, 0, 0.927184, -0.374607, 0, 0.374607, 0.927184, -0.438374, 0.3101, 1.09246 )

[node name="corn5" parent="corns" instance=ExtResource( 1 )]
transform = Transform( 1, 0, 0, 0, 0.927184, -0.374607, 0, 0.374607, 0.927184, -1.01371, 0.3101, 1.09246 )

[node name="corn6" parent="corns" instance=ExtResource( 1 )]
transform = Transform( 1, 0, 0, 0, 0.927184, -0.374607, 0, 0.374607, 0.927184, 1.20252, 0.3101, 0.588994 )

[node name="corn7" parent="corns" instance=ExtResource( 1 )]
transform = Transform( 0.93403, -0.133807, -0.331185, 0, 0.927184, -0.374607, 0.357195, 0.349894, 0.866018, 0.671052, 0.0168424, 0.588994 )

[node name="corn8" parent="corns" instance=ExtResource( 1 )]
transform = Transform( 1, 0, 0, 0, 0.927184, -0.374607, 0, 0.374607, 0.927184, 0.124421, 0.3101, 0.588994 )

[node name="corn9" parent="corns" instance=ExtResource( 1 )]
transform = Transform( 0.991574, -0.120107, 0.0485265, 0.12954, 0.919372, -0.37145, 0, 0.374607, 0.927184, -0.438374, 0.0852227, 0.588994 )

[node name="corn10" parent="corns" instance=ExtResource( 1 )]
transform = Transform( 1, 0, 0, 0, 0.927184, -0.374607, 0, 0.374607, 0.927184, -1.01371, 0.3101, 0.588994 )

[node name="corn11" parent="corns" instance=ExtResource( 1 )]
transform = Transform( 1, 0, 0, 0, 0.927184, -0.374607, 0, 0.374607, 0.927184, 1.20252, 0.3101, 0.0974941 )

[node name="corn12" parent="corns" instance=ExtResource( 1 )]
transform = Transform( 1, 0, 0, 0, 0.927184, -0.374607, 0, 0.374607, 0.927184, 0.671052, 0.3101, 0.0974941 )

[node name="corn13" parent="corns" instance=ExtResource( 1 )]
transform = Transform( 1, 0, 0, 0, 0.927184, -0.374607, 0, 0.374607, 0.927184, 0.124421, 0.3101, 0.0974941 )

[node name="corn14" parent="corns" instance=ExtResource( 1 )]
transform = Transform( 1, 0, 0, 0, 0.927184, -0.374607, 0, 0.374607, 0.927184, -0.438374, 0.3101, 0.0974941 )

[node name="corn15" parent="corns" instance=ExtResource( 1 )]
transform = Transform( 1, 0, 0, 0, 0.927184, -0.374607, 0, 0.374607, 0.927184, -1.01371, 0.3101, 0.0974941 )

[node name="corn16" parent="corns" instance=ExtResource( 1 )]
transform = Transform( 1, 0, 0, 0, 0.927184, -0.374607, 0, 0.374607, 0.927184, 1.20252, 0.3101, -0.445776 )

[node name="corn17" parent="corns" instance=ExtResource( 1 )]
transform = Transform( 0.991025, -0.123941, 0.0500755, 0.133675, 0.918863, -0.371245, 0, 0.374607, 0.927184, 0.671052, 0.3101, -0.445776 )

[node name="corn18" parent="corns" instance=ExtResource( 1 )]
transform = Transform( 0.948992, -0.118114, -0.292342, 0, 0.927184, -0.374607, 0.315301, 0.355499, 0.87989, 0.124421, 0.3101, -0.445776 )

[node name="corn19" parent="corns" instance=ExtResource( 1 )]
transform = Transform( 1, 0, 0, 0, 0.927184, -0.374607, 0, 0.374607, 0.927184, -0.438374, -0.139797, -0.445776 )

[node name="corn20" parent="corns" instance=ExtResource( 1 )]
transform = Transform( 1, 0, 0, 0, 0.927184, -0.374607, 0, 0.374607, 0.927184, -1.01371, 0.3101, -0.445776 )

[node name="corn21" parent="corns" instance=ExtResource( 1 )]
transform = Transform( 0.984199, 0.164174, -0.0663307, -0.177068, 0.912533, -0.368687, 0, 0.374607, 0.927184, 1.08162, 0.34352, -0.9738 )

[node name="corn22" parent="corns" instance=ExtResource( 1 )]
transform = Transform( 1, 0, 0, 0, 0.927184, -0.374607, 0, 0.374607, 0.927184, 0.671052, 0.3101, -0.962858 )

[node name="corn23" parent="corns" instance=ExtResource( 1 )]
transform = Transform( 1, 0, 0, 0, 0.927184, -0.374607, 0, 0.374607, 0.927184, 0.124421, 0.3101, -0.962858 )

[node name="corn24" parent="corns" instance=ExtResource( 1 )]
transform = Transform( 1, 0, 0, 0, 0.927184, -0.374607, 0, 0.374607, 0.927184, -0.438374, 0.3101, -0.962858 )

[node name="corn25" parent="corns" instance=ExtResource( 1 )]
transform = Transform( 0.954761, -0.275721, 0.111399, 0.297375, 0.885239, -0.35766, 0, 0.374607, 0.927184, -1.01371, 0.0669527, -0.962858 )

[editable path="corn_storage"]
